101 1.7 641.48
120 2.3 722.30
115 4.0 569.43
123 2.8 706.34
98 1.2 657.44
111 0.3 806.38
85 0.92 589.95
76 3.32 351.39
78 4.8 261.71
92 2.7 504.31
84 6.11 207.35
123 8.2 315.28
142 12.4 143.38
97 7.4 197.69
75 5.55 187.10
89 6.3 223.34
159 9.4 475.41
100 2.5 572.33
102 6.4 307.86
111 5.32 442.84
134 8.4 379.00
76 2.78 390.50
88 3.44 427.71
89 3.42 433.91
68 2.69 347.00
65 0.8 459.21
132 8.8 336.58
144 12.4 152.88
116 6.7 380.40
108 3.86 528.32
62 4.2 197.15
99 7.3 218.72
118 5.4 488.31
61 3.33 249.40
150 7.5 552.10
132 6.42 504.95
122 9.38 227.08
75 4.53 257.01
71 3.77 289.04
86 6.72 172.67
77 4.63 267.27
93 4.55 377.08
91 3.7 429.14
68 4.32 224.96
108 8.51 195.56
112 10.4 81.69
121 3.54 643.25
107 2.78 599.77
143 1.64 929.37
61 0.8 432.63